18420
22570
11113
7722
15528
15151
42210
9183
23483
43830
37130
33327
1833
33252
31621
35151
34187
18493
44242
27718
32486
39387
1853
761
8499
8207
18020
36026
4811
42919
992
23454
34288
36785
19154
7411
29021
34644
18780
19046
20471
43833
33227
32971
25312
23797
5276
30725
29996
16576
12070
23796
35734
37509
20236
19925
4757
36364
40740
27799
30122
44145
15080
28863
17629
20270
2369
43923
32237
31255
11495
40769
36395
33284
9134
32015
3320
8760
4776
34282
10169
18995
5668
6374
31907
2691
2965
22577
42471
14981
1981
32402
568
17840
1570
18100
37034
20464
32901
24995
5008
43318
17042
28154
17348
39650
16808
30353
5365
31950
40033
33681
22390
27430
7379
34814
11164
42653
39503
27541
2949
19743
13420
9601
35335
25296
25988
24474
22753
16170
2192
24144
25401
9116
5541
32924
24703
31624
34379
3740
1139
904
25058
12515
5811
28722
28737
301
31289
36513
20289
29102
41813
31769
32794
32622
11162
10808
2264
27620
37776
14967
29788
36782
42678
35501
38130
36014
16569
43973
4582
3515
7415
3526
37938
36099
43549
18016
8047
40202
21720
40143
1409
32918
1831
6656
4391
41561
7058
8873
39982
11779
26978
33659
20242
2273
1986
37859
34734
857
2652
28524
21045
728
35967
42371
41258
5383
40321
1037
30004
39004
669
21827
20499
30487
14371
36276
37604
1487
1412
31958
24126
5435
29322
16558
42087
7457
20200
2525
20226
3501
33007
13659
8794
38010
16076
10220
2053
5177
30233
8403
6855
37598
7880
23306
21604
1532
34757
33919
26078
27057
7821
36466
6290
3611
31140
44349
14306
7339
16658
21753
17442
24447
3612
42617
43668
17501
26235
27807
3094
6348
19043
7107
17757
43948
40100
2155
10384
33535
23007
1505
12211
18618
35199
31035
37407
6304
11738
11427
36819
38159
3408
21714
39287
4306
44328
23547
231
35689
36999
8421
24599
19197
10762
7774
7316
17121
35947
26487
5542
22711
30448
10321
3018
19060
34990
21106
15530
34364
17627
26013
42834
16917
21283
2029
20490
25158
9793
42424
19163
9106
37500
38890
39396
10386
35621
8993
17998
29346
11005
37953
5559
17645
18446
30196
36517
39399
2194
7831
214
35344
20302
24802
16612
33443
26147
35557
12496
28046
38852
42059
2099
27145
18205
38408
9313
21316
40894
24086
3767
25008
12895
38326
33434
38997
24867
7985
14404
9232
30081
30898
20315
28743
9868
16341
10996
40083
35666
10374
4082
19454
29058
8007
7014
23593
8660
240
24873
26163
22034
30788
20568
27713
35711
33687
18647
33794
5827
33231
39994
40584
14765
17495
29967
5902
32833
4633
22865
1785
42442
29390
26312
24645
8245
15194
6811
16774
19755
21718
43182
18405
3774
29935
17732
35643
29483
34046
19329
37458
22077
17028
39441
27378
16171
6377
17734
2795
33096
30645
29526
32550
32535
3865
29884
35645
2131
33163
31450
10812
7637
28104
40495
28934
9462
36808
27747
34945
32200
4830
39783
43139
20147
15625
13522
30909
15351
7894
2232
33404
19238
18763
8839
2261
27643
21756
26024
4485
9251
25758
27635
22080
2318
37539
40791
40440
30402
13909
43816
1658
26377
39238
31191
13502
9525
28790
15225
41325
18648
11937
16035
24490
24503
16754
41692
37913
17511
17401
3894
7464
41425
35736
24450
15775
12392
38080
8695
1142
33546
6163
32220
7390
9297
31676
3060
43311
15886
11229
2495
38011
38664
16697
14228
4125
12299
13326
17798
1374
11871
1527
38715
3703
9670
39063
25517
23029
23642
28890
16154
9509
40570
9456
23890
11730
28080
30313
38833
29921
4685
3189
44093
2670
25291
17686
844
25070
32412
15897
12675
25280
8675
32536
42949
27015
44337
15645
13770
30334
13892
8430
40018
11455
12922
916
37756
4257
16238
12589
23271
30235
14850
14989
14097
30914
10232
12241
8706
10790
8555
40612
947
36500
28174
5790
36425
39284
13600
19293
39150
1119
33492
1960
7651
29092
31789
20885
41148
41287
27191
23118
22041
5019
6731
38373
39429
12063
6022
30748
38188
5821
9505
16520
11163
34815
13323
27165
39874
38252
35293
22525
30241
43161
40022
30859
29658
23548
12316
40873
25534
36724
12804
13994
39828
13595
32703
36368
29656
28805
28092
26698
27850
27943
42299
23873
43359
36442
8620
36958
1817
43573
13693
41624
2802
28646
41178
2640
10501
15023
4711
30363
34611
16778
16672
3754
21487
26996
32987
12144
27339
11975
6715
29737
36613
22821
27360
4559
27785
10397
1999
33688
39805
10183
878
15695
4232
14041
22110
41946
34109
25351
4479
43024
4852
13762
36029
10594
40201
20556
41311
12575
27695
9120
21888
23157
11010
1526
1027
229
31552
29589
34307
33010
5577
39391
7828
22952
31099
26245
2168
8319
32598
16439
28047
29107
17009
32654
25138
42370
25002
3688
19721
44213
18184
1076
5472
2430
30570
10545
24738
28486
36553
23263
22760
32072
7515
26546
21833
16061
20346
17182
20309
36179
10112
28457
7272
17384
22476
21955
43561
33415
38035
10221
30318
17382
17068
51
39939
17461
4755
10658
20643
43594
41157
12764
41621
28291
43932
9359
11624
19005
35808
10976
13938
18362
12539
36
16224
23850
39554
31115
32176
11101
43747
21793
18570
12709
31143
40504
40354
14615
32835
14721
40506
7468
30197
11241
5963
19849
40812
31499
1043
19993
15627
26043
36125
40832
9539
39078
21331
38596
639
25482
34706
35441
11231
13158
29628
43006
20179
22951
41001
9011
19976
9694
39773
29291
26470
17264
31054
14193
4869
24457
29367
11826
40790
28265
38283
26113
997
17326
22852
40622
8788
26619
37366
38274
13821
10831
36956
5506
35960
22625
5728
20030
11187
27630
38439
37179
35810
155
41796
23146
14650
37438
35812
14987
14367
25300
16287
7788
38895
22332
12111
17037
21982
2953
27344
37529
7290
11443
23356
15248
31987
28661
30501
13933
28327
13662
22713
31667
32493
15037
7800
30846
26862
27654
13341
41883
17827
5240
8827
8342
26597
12452
18438
32801
26227
4324
25417
32145
14325
5437
15554
17317
5974
12503
35941
34696
33484
6452
4878
31537
40508
20460
25604
9980
24871
10426
15375
7299
24704
13567
18418
15576
25352
37064
7075
29518
23405
24607
37645
19342
37923
35278
20039
41548
18365
40823
26366
8111
22991
43826
25236
37795
14770
37848
36932
22424
7475
19278
29334
16268
40582
28780
4534
374
4434
27270
25720
2315
12400
24155
23575
23411
14938
30205
14094
28654
17
29052
26758
1277
38730
38230
8716
25162
19770
19452
30415
37097
27905
6337
39026
31070
24094
27013
337
1454
39316
43526
29344
2433
14119
9949
13027
10401
22397
28125
15383
4036
25497
16607
42981
36421
10356
11736
15066
1509
41918
34340
6518
42452
33592
41411
25133
7222
28612
17387
36162
32628
42586
11807
39333
34198
9166
8493
31752
26313
10303
10269
37788
32743
5186
17868
29278
38613
26108
36941
12654
6617
42122
33863
41528
5071
43148
28807
9948
18325
20993
3464
40674
30832
13029
41739
1779
421
375
26423
1689
23170
39743
25680
41076
5475
7947
15994
25316
36531
40853
32893
11364
18534
25249
24612
12924
34862
33699
4395
24583
9848
11057
37669
1669
32942
14587
3782
31863
7237
7378
43822
34413
23854
28796
3636
33835
18933
40
17879
4689
16815
27065
5947
40336
15690
4513
8553
23347
2516
12912
10326
17207
33689
41662
21043
33507
28368
8956
42264
4424
16375
28905
40249
28387
26763
42621
8232
19200
7767
6021
37035
9717
38570
38060
24676
21312
13798
17509
33891
14805
15190
28540
28290
12114
8562
11308
39691
24608
25260
37488
37831
37936
12878
30120
204
39791
16249
8146
13447
18297
14898
20784
39376
35858
14773
8275
12948
40008
1226
985
3061
28976
16732
30124
16920
19462
7560
43101
38164
3074
26741
3655
17852
31098
37943
24033
29559
2030
21294
32129
19178
42766
24982
21455
7158
41394
6032
10569
36359
10666
11425
393
20689
21483
38220
1557
14627
14377
36745
17191
23335
2705
43196
42082
25392
5342
9300
23949
7724
3533
12018
4697
27525
4885
7607
42871
9478
21192
16351
20275
25132
1309
39099
26902
11516
28469
15902
9100
21539
28353
3070
43637
21954
24774
15708
24990
20182
11915
33938
23507
37294
14008
44012
14901
27590
34454
15667
35205
38727
23058
23523
29727
33976
37675
26986
41940
36008
24857
9761
3372
5819
28455
7283
8062
10503
7371
35073
18358
6529
14128
1835
11421
19572
12129
3017
33626
39778
42596
8155
32282
15438
22622
41641
10671
9741
25672
4916
14522
13660
18770
36683
16223
7466
29516
33706
4258
7638
8596
25197
27143
39504
40897
15797
12098
22173
39663
1152
19815
22668
8162
20071
31709
13730
4766
30000
31948
27755
7665
28039
16036
41379
4915
19064
11408
1324
27374
3671
39383
487
9897
39957
33963
40551
13495
20473
10945
12444
36718
24168
38925
9404
18296
9947
41478
7898
5274
20280
8883
19141
36351
43661
12370
27226
11446
9633
26433
34905
13808
32418
6005
41271
14356
37762
26810
9976
44003
1283
32069
818
20711
32702
44025
37383
16509
7726
17142
24491
35764
5990
13856
37580
219
36064
42702
32964
11618
35318
4466
10242
29050
22330
18708
21903
12478
12233
6245
17299
6127
26962
7288
31088
1500
3989
38008
22045
11437
227
34174
9752
40683
25717
23743
29156
23611
26806
13305
25009
31886
21679
24914
14353
25765
5063
43540
32227
43025
5007
40677
35945
17331
17314
3303
18495
15602
42965
43081
13051
39664
34841
5720
1075
